image_width: 640
image_height: 480
camera_name: rgb_PS1080_PrimeSense
camera_matrix:
  rows: 3
  cols: 3
  data: [550.405055501336733, 0, 314.769756510889806, 0, 549.858669530867701, 224.666272184750170, 0, 0, 1]
distortion_model: plumb_bob
distortion_coefficients:
  rows: 1
  cols: 5
  data: [ 0.053682228593423 , -0.185031719383121 , -0.010817726141255 , 0.000992344063062 , 0.000000000000000 ]
rectification_matrix:
  rows: 3
  cols: 3
  data: [1, 0, 0, 0, 1, 0, 0, 0, 1]
projection_matrix:
  rows: 3
  cols: 4
  data: [550.405055501336733, 0, 314.769756510889806, 0, 0, 549.858669530867701, 224.666272184750170, 0, 0, 0, 1, 0]
