%YAML:1.0
cameraMatrix: !!opencv-matrix
   rows: 3
   cols: 3
   dt: d
   data: [ 1.0458557400637853e+03, 0., 9.3580000745008272e+02, 0.,
       1.0481342812101645e+03, 5.3540198086537112e+02, 0., 0., 1. ]
distortionCoefficients: !!opencv-matrix
   rows: 1
   cols: 5
   dt: d
   data: [ 4.4295842085522071e-02, -5.4578555509890575e-02,
       3.4849111589175170e-03, -4.4694305584640076e-03,
       7.1873538895405676e-03 ]
rotation: !!opencv-matrix
   rows: 3
   cols: 3
   dt: d
   data: [ 1., 0., 0., 0., 1., 0., 0., 0., 1. ]
projection: !!opencv-matrix
   rows: 4
   cols: 4
   dt: d
   data: [ 1.0458557400637853e+03, 0., 9.3580000745008272e+02, 0., 0.,
       1.0481342812101645e+03, 5.3540198086537112e+02, 0., 0., 0., 1.,
       0., 0., 0., 0., 1. ]
