%YAML:1.0
rotation: !!opencv-matrix
   rows: 3
   cols: 3
   dt: d
   data: [ 9.9986984829914871e-01, -2.8296244309538332e-03,
       -1.5883314761630570e-02, 3.3056931304308429e-03,
       9.9954361875399966e-01, 3.0027097779945201e-02,
       1.5791100505180272e-02, -3.0075695066593508e-02,
       9.9942288032198690e-01 ]
translation: !!opencv-matrix
   rows: 3
   cols: 1
   dt: d
   data: [ -5.4580417885828375e-02, 1.1929849326414769e-03,
       -2.0060977819921361e-03 ]
essential: !!opencv-matrix
   rows: 3
   cols: 3
   dt: d
   data: [ 2.5470088629411232e-05, 1.9693023855336263e-03,
       1.2525337318172853e-03, -1.1439518205038808e-03,
       -1.6358675016466132e-03, 5.4580781935146275e-02,
       -1.3732557760846313e-03, -5.4552132707395257e-02,
       -1.6199429895370112e-03 ]
fundamental: !!opencv-matrix
   rows: 3
   cols: 3
   dt: d
   data: [ 1.7979490645992102e-08, 1.3973810289474885e-06,
       9.3906674165663340e-06, -8.0576708054813365e-07,
       -1.1582582955804454e-06, 1.4516169674094494e-02,
       -5.9925760842069540e-04, -4.1171771978714876e-02, 1. ]
