%YAML:1.0
cameraMatrix: !!opencv-matrix
   rows: 3
   cols: 3
   dt: d
   data: [ 3.6589497295721685e+02, 0., 2.3886965086424104e+02, 0.,
       3.6399962375735549e+02, 2.2172075070081652e+02, 0., 0., 1. ]
distortionCoefficients: !!opencv-matrix
   rows: 1
   cols: 5
   dt: d
   data: [ 5.3583228223042290e-02, -1.3614807711595694e-01,
       7.1556930247903498e-03, -1.1258949749863334e-02,
       1.5711876361905644e-02 ]
rotation: !!opencv-matrix
   rows: 3
   cols: 3
   dt: d
   data: [ 1., 0., 0., 0., 1., 0., 0., 0., 1. ]
projection: !!opencv-matrix
   rows: 4
   cols: 4
   dt: d
   data: [ 3.6589497295721685e+02, 0., 2.3886965086424104e+02, 0., 0.,
       3.6399962375735549e+02, 2.2172075070081652e+02, 0., 0., 0., 1.,
       0., 0., 0., 0., 1. ]
