%YAML:1.0
rotation: !!opencv-matrix
   rows: 3
   cols: 3
   dt: d
   data: [ 9.7137066772836367e-01, 1.0246937083790271e-01,
       2.1433397751415290e-01, -1.6249873377878638e-01,
       9.4471322436967053e-01, 2.8480007939140706e-01,
       -1.7330085803954964e-01, -3.1147544323934273e-01,
       9.3431785858005034e-01 ]
translation: !!opencv-matrix
   rows: 3
   cols: 1
   dt: d
   data: [ -1.9765832055208324e-01, -1.7050573012260420e-01,
       6.3731455199636357e-03 ]
essential: !!opencv-matrix
   rows: 3
   cols: 3
   dt: d
   data: [ 3.0584417408089228e-02, 4.7087553011243927e-02,
       -1.6112162099383817e-01, -2.8063669931075272e-02,
       -6.0912660792215141e-02, 1.8604168041732189e-01,
       1.9774349173126118e-01, -1.6925881444233198e-01,
       -1.9747934059473025e-02 ]
fundamental: !!opencv-matrix
   rows: 3
   cols: 3
   dt: d
   data: [ 4.2749970359669246e-06, 6.5745272090142626e-06,
       -1.1439686114203141e-02, -3.9147744489671751e-06,
       -8.4877514069395082e-06, 1.3119735867584784e-02,
       2.7695029602010757e-02, -2.7496434880264594e-02, 1. ]
