%YAML:1.0
rotation: !!opencv-matrix
   rows: 3
   cols: 3
   dt: d
   data: [ 9.9983402023966228e-01, 5.5239387845954892e-03,
       1.7361396018139106e-02, -4.8952069380543981e-03,
       9.9933797926905932e-01, -3.6050522041527935e-02,
       -1.7549043290967143e-02, 3.5959550758277128e-02,
       9.9919915021422767e-01 ]
translation: !!opencv-matrix
   rows: 3
   cols: 1
   dt: d
   data: [4.8834433394974779e-02, 2.5465934362584519e-03,
       2.7353657303225261e-02 ]
essential: !!opencv-matrix
   rows: 3
   cols: 3
   dt: d
   data: [ 2.8287077589668930e-07, -2.9497254054031309e-04,
       -2.3992596273739050e-04, 3.0613494517488655e-04,
       9.3035707847567608e-05, 5.2017002003497723e-02,
       2.9986838371861500e-04, -5.2016761050028761e-02,
       9.2632013130372647e-05 ]
fundamental: !!opencv-matrix
   rows: 3
   cols: 3
   dt: d
   data: [ 1.9731570930693606e-10, -2.0533114366326771e-07,
       -1.9484772545527813e-05, 2.1297242074431652e-07,
       6.4589181747782925e-08, 1.3190795684430680e-02,
       1.1203310138770501e-04, -3.8438663277953075e-02, 1. ]
