%YAML:1.0
cameraMatrix: !!opencv-matrix
   rows: 3
   cols: 3
   dt: d
   data: [ 1.0793883173258507e+03, 0., 9.8372433201429408e+02, 0.,
       1.0815610473257832e+03, 5.2778806015450527e+02, 0., 0., 1. ]
distortionCoefficients: !!opencv-matrix
   rows: 1
   cols: 5
   dt: d
   data: [ 6.3637593678845444e-02, -5.6273631044208697e-02,
       -1.6729948013658035e-04, 6.2376344074189143e-03,
       1.0667805131159617e-02 ]
rotation: !!opencv-matrix
   rows: 3
   cols: 3
   dt: d
   data: [ 1., 0., 0., 0., 1., 0., 0., 0., 1. ]
projection: !!opencv-matrix
   rows: 4
   cols: 4
   dt: d
   data: [ 1.0793883173258507e+03, 0., 9.8372433201429408e+02, 0., 0.,
       1.0815610473257832e+03, 5.2778806015450527e+02, 0., 0., 0., 1.,
       0., 0., 0., 0., 1. ]
