%YAML:1.0
depthShift: 3.4466698091265449e+01
