%YAML:1.0
cameraMatrix: !!opencv-matrix
   rows: 3
   cols: 3
   dt: d
   data: [ 3.9584233005307811e+02, 0., 2.5734130834413111e+02, 0.,
       3.9627751888761406e+02, 2.1670783964353336e+02, 0., 0., 1. ]
distortionCoefficients: !!opencv-matrix
   rows: 1
   cols: 5
   dt: d
   data: [ 2.7328417827022577e-01, -9.1207845385034070e-01,
       9.8847365532840920e-03, 1.1695490287952858e-03,
       8.9157378593236025e-01 ]
rotation: !!opencv-matrix
   rows: 3
   cols: 3
   dt: d
   data: [ 1., 0., 0., 0., 1., 0., 0., 0., 1. ]
projection: !!opencv-matrix
   rows: 4
   cols: 4
   dt: d
   data: [ 3.9584233005307811e+02, 0., 2.5734130834413111e+02, 0., 0.,
       3.9627751888761406e+02, 2.1670783964353336e+02, 0., 0., 0., 1.,
       0., 0., 0., 0., 1. ]
