%YAML:1.0
cameraMatrix: !!opencv-matrix
   rows: 3
   cols: 3
   dt: d
   data: [ 1.0786073027327611e+03, 0., 9.1769772541249745e+02, 0.,
       1.0783487490684875e+03, 5.7403012277148309e+02, 0., 0., 1. ]
distortionCoefficients: !!opencv-matrix
   rows: 1
   cols: 5
   dt: d
   data: [ 6.5519335235210779e-02, -5.2795100707150364e-02,
       8.4596023519222189e-03, -8.5684315753491234e-04,
       1.0011202145848287e-02 ]
rotation: !!opencv-matrix
   rows: 3
   cols: 3
   dt: d
   data: [ 1., 0., 0., 0., 1., 0., 0., 0., 1. ]
projection: !!opencv-matrix
   rows: 4
   cols: 4
   dt: d
   data: [ 1.0786073027327611e+03, 0., 9.1769772541249745e+02, 0., 0.,
       1.0783487490684875e+03, 5.7403012277148309e+02, 0., 0., 0., 1.,
       0., 0., 0., 0., 1. ]
