%YAML:1.0
cameraMatrix: !!opencv-matrix
   rows: 3
   cols: 3
   dt: d
   data: [ 4.0770754211834264e+02, 0., 2.5148039201828774e+02, 0.,
       4.0736006783657751e+02, 2.2393504984141069e+02, 0., 0., 1. ]
distortionCoefficients: !!opencv-matrix
   rows: 1
   cols: 5
   dt: d
   data: [ 1.9819660029797218e-01, -7.9430844641023990e-01,
       1.9780302303295888e-02, 9.1996698292575001e-03,
       8.0163908567420117e-01 ]
rotation: !!opencv-matrix
   rows: 3
   cols: 3
   dt: d
   data: [ 1., 0., 0., 0., 1., 0., 0., 0., 1. ]
projection: !!opencv-matrix
   rows: 4
   cols: 4
   dt: d
   data: [ 4.0770754211834264e+02, 0., 2.5148039201828774e+02, 0., 0.,
       4.0736006783657751e+02, 2.2393504984141069e+02, 0., 0., 0., 1.,
       0., 0., 0., 0., 1. ]
