%YAML:1.0
depthShift: 4.6983732148966716e+01
